base model
Precision: 0.8926829268292683
Recall: 0.732
F1: 0.8043956043956043
Accuracy: 0.822
yes: 0.41
unknow: 0.0

VCD
Precision: 0.890015600624025
Recall: 0.7606666666666667
F1: 0.8202731847591661
Accuracy: 0.8333333333333334
yes: 0.42733333333333334
unknow: 0.0
